
 
 TENSIONS =[ 
0.760985 
0.832345 
1.12668 
1.18935 
0.979523 
1.13538 
1.21702 
1.01897 
0.954447 
0.952281 
0.974387 
1.07987 
0.982935 
1.20373 
0.966032 
0.928414 
1.05445 
1.02353 
1.04625 
0.790612 
0.985 
0.816647 
1.01853 
1.0765 
1.11796 
1.0753 
1.04841 
1.07754 
0.994334 
0.99615 
1.10204 
1.10873 
0.952917 
0.820272 
0.770468 
0.837742 
0.899993 
1.04471 
0.922416 
0.991467 
1.03694 
0.861379 
0.914975 
0.925062 
0.919821 
0.956075 
1.07872 
0.949253 
1.06943 
1.03403 
1.01919 
1.0975 
1.21402 
1.14673 
0.841597 
1.05299 
0.875316 
0.79892 
0.878929 
0.781809 
0.886872 
1.13543 
0.952351 
1.26807 
1.03908 
1.1004 
0.985401 
0.972042 
0.921663 
1.01608 
0.851706 
0.914993 
0.893078 
1.01683 
1.15159 
1.21575 
0.82443 
1.03468 
0.93459 
0.891852 
1.01034 
0.952814 
1.00511 
1.07685 
0.906452 
0.984729 
0.829964 
0.961675 
1.09888 
0.82543 
1.03909 
0.8648 
1.0219 
0.954971 
0.972147 
0.839611 
0.908893 
0.980698 
1.00717 
0.980869 
0.935877 
1.13285 
0.980554 
0.92241 
0.924135 
0.99244 
1.0929 
0.957543 
1.08716 
1.02265 
0.943667 
0.918278 
1.01773 
0.989667 
0.909501 
0.920566 
1.05391 
1.05217 
0.96886 
1.08261 
0.965006 
0.98845 
1.12348 
0.946008 
0.795704 
0.871112 
1.02909 
0.978421 
1.27513 
0.858492 
0.975613 
1.00402 
0.862617 
1.10792 
1.07439 
1.15429 
1.06875 
0.644983 
0.903295 
1.03118 
0.918493 
1.02834 
0.993376 
0.94525 
1.00681 
1.0513 
1.11431 
0.910605 
0.942823 
0.927936 
1.08479 
1.15726 
1.10557 
1.1341 
1.02493 
0.919829 
1.06797 
1.17264 
1.05061 
1.09292 
0.84565 
1.05711 
0.984608 
1.05533 
1.12768 
0.936059 
1.15059 
0.905661 
1.00408 
1.0307 
1.10668 
0.967685 
0.906413 
1.14166 
1.03626 
0.808632 
1.03199 
0.829941 
1.07909 
1.13872 
0.981722 
0.909161 
1.12269 
0.94893 
0.918153 
0.873823 
0.853235 
1.02758 
0.966825 
1.07885 
0.994331 
0.979031 
0.827853 
0.922454 
1.01044 
0.957185 
1.12751 
0.816857 
0.98188 
1.01146 
0.927764 
1.0112 
1.16613 
0.894961 
0.964912 
0.858092 
1.07279 
0.879395 
0.914181 
1.1423 
1.08234 
0.924403 
1.10165 
0.93409 
1.0106 
1.18344 
1.22572 
0.955685 
0.996999 
1.10391 
1.06075 
0.976698 
0.979053 
0.921597 
0.772802 
0.984335 
0.880213 
0.977206 
1.24683 
1.00339 
1.15095 
0.888929 
1.12756 
0.832639 
0.972007 
1.02908 
1.06201 
0.987574 
0.891778 
0.878232 
0.927784 
0.898083 
0.942091 
0.904948 
1.12421 
1.02699 
1.02835 
0.916102 
1.02768 
1.0323 
0.906395 
0.881083 
0.806506 
1.08728 
0.898785 
1.00467 
1.00831 
1.00912 
0.93618 
0.977365 
0.969309 
1.13496 
0.884382 
0.979409 
1.10664 
1.04211 
0.891179 
1.07932 
0.729816 
0.950741 
1.15678 
1.04985 
1.07916 
0.990705 
0.961978 
1.06959 
1.23171 
0.97316 
1.1437 
0.94607 
0.956993 
1.06507 
0.909795 
1.09423 
0.831673 
0.757925 
0.984108 
1.03289 
1.12754 
1.01197 
1.09544 
1.02406 
1.06795 
0.903123 
0.992359 
0.940221 
0.976301 
1.22967 
0.859584 
1.00342 
0.96791 
1.03794 
1.17927 
1.09123 
0.934309 
0.856623 
1.0848 
0.900788 
0.928474 
1.04654 
0.847755 
1.15562 
1.01028 
0.976591 
1.08078 
1.08062 
0.975083 
1.11023 
1.03673 
1.11 
1.02635 
0.980891 
1.17487 
0.921679 
1.06331 
1.20224 
0.958665 
1.06346 
1.03196 
0.965175 
0.999645 
1.06178 
1.23285 
1.08864 
0.975591 
0.802688 
1.02491 
1.0261 
0.920852 
1.10093 
1.03909 
1.05869 
0.951381 
0.931615 
0.953258 
0.888942 
0.947746 
1.07268 
0.774465 
0.822803 
1.00266 
1.03285 
0.905117 
1.05364 
1.1259 
1.06837 
0.843661 
0.926944 
0.914619 
0.966125 
0.932872 
0.915839 
1.19099 
0.966703 
0.984757 
1.02864 
0.826778 
0.885837 
1.04699 
1.03514 
0.883898 
1.11257 
0.993326 
1.01417 
1.01093 
0.945003 
0.816872 
0.986912 
0.843503 
0.983533 
1.02073 
1.0198 
0.861373 
1.03666 
0.878953 
1.02517 
1.06032 
1.15984 
0.79492 
1.08293 
0.983784 
0.992469 
0.94376 
1.02342 
0.974138 
0.938124 
0.946139 
1.06163 
1.04916 
1.11006 
1.03629 
0.985411 
0.886163 
1.03148 
0.969341 
1.02215 
1.08746 
0.950715 
0.951774 
0.974081 
1.02126 
1.20369 
0.912711 
1.13399 
0.978457 
1.08979 
1.00597 
0.946579 
0.97408 
1.09589 
1.12668 
1.0961 
0.943624 
0.871118 
1.04009 
1.0528 
0.748745 
1.00242 
1.20956 
0.981156 
0.935581 
0.899223 
0.818904 
0.951056 
1.03014 
0.901609 
1.02535 
1.0788 
0.94067 
1.04922 
1.05655 
0.995719 
1.19565 
0.87278 
1.02751 
0.907326 
0.927824 
1.0441 
1.10929 
1.01701 
1.13049 
0.906987 
1.03382 
0.946911 
0.924264 
0.736844 
1.07602 
1.18748 
1.04996 
1.13763 
1.0059 
0.876958 
0.912753 
0.919733 
1.11024 
0.951964 
1.00914 
0.866685 
0.981694 
0.837413 
0.929758 
1.07595 
1.17097 
1.04854 
1.00972 
1.10733 
1.0728 
0.755113 
0.820843 
0.916664 
0.912639 
0.839977 
0.932175 
0.906882 
1.11002 
0.939002 
0.872398 
0.958373 
0.931503 
1.02622 
0.976871 
0.851448 
1.05803 
0.963605 
0.939997 
0.91482 
1.07939 
0.989107 
0.844719 
1.21708 
0.96583 
1.02711 
1.03548 
0.869347 
1.12211 
1.02511 
1.01437 
1.13506 
1.01591 
0.827772 
0.998394 
1.1167 
1.12126 
1.02647 
0.830653 
1.10964 
0.994262 
1.01919 
1.12813 
1.04028 
0.627779 
]; 
