
 
 TENSIONS =[ 
1.06986 
1.08677 
1.04973 
0.837118 
1.14482 
0.916908 
0.929088 
0.952315 
0.915905 
1.2552 
0.973561 
0.837186 
1.03375 
1.07212 
1.02091 
1.04049 
1.1334 
1.00965 
0.927758 
0.904866 
1.02895 
1.07356 
0.824989 
0.979029 
1.09897 
1.10214 
1.03764 
0.928516 
1.04453 
1.04198 
1.01485 
0.866491 
1.1472 
1.0701 
0.987739 
1.05165 
0.967113 
1.03501 
1.07857 
1.13705 
0.983748 
1.0089 
1.02007 
0.99979 
0.918988 
0.94611 
0.935827 
1.04458 
1.0683 
0.939611 
0.895352 
1.1073 
0.910312 
0.99954 
0.825076 
1.21768 
0.968136 
0.965971 
1.02641 
0.931173 
0.907474 
1.08689 
0.921824 
1.10882 
0.927881 
]; 

 
 VERTICES=[ 
1 0.5 4.33013 
2 1.5 4.90748 
3 1.5 5.48483 
4 0.5 6.06218 
5 4 2.88675 
6 4 2.3094 
7 5 3.4641 
8 3.5 2.02073 
9 2.73884 4.7994 
10 2.23453 4.42142 
11 2 5.7735 
12 2.71139 5.26501 
13 2.19396 4.07598 
14 1.5 3.75278 
15 0.5 2.59808 
16 1.5 3.17543 
17 1.5 2.02073 
18 2.91025 4.73218 
19 2.96773 3.99764 
20 3.5 3.75278 
21 4 4.04145 
22 4 4.6188 
23 3.22904 4.94017 
24 3.5 3.17543 
25 5 5.19615 
26 2.55954 3.77727 
27 2 2.3094 
28 1.88488 3.01639 
29 2.5451 3.44171 
30 3.11874 3.04163 
31 3 2.3094 
32 2.5 2.02073 
33 1.5 6.63953 
34 2 6.35085 
35 1.5 7.21688 
36 3.58787 6.59282 
37 3 6.35085 
38 3.18271 5.49497 
39 3.18386 5.49436 
40 4 5.7735 
41 4 6.35085 
42 5 6.9282 
43 2.5 6.63953 
44 3.5 7.21688 
45 4 7.50555 
46 2.5 7.21688 
47 2 7.50555 
48 3 7.50555 
]; 

 
 EDGES=[ 
1 1 2 
2 1 14 
3 2 3 
4 2 10 
5 3 4 
6 3 11 
7 4 33 
8 5 6 
9 5 7 
10 5 24 
11 6 8 
12 7 21 
13 8 31 
14 9 10 
15 9 12 
16 9 18 
17 10 13 
18 11 12 
19 11 34 
20 12 38 
21 13 14 
22 13 26 
23 14 16 
24 15 16 
25 15 17 
26 16 28 
27 17 27 
28 18 19 
29 18 23 
30 19 20 
31 19 26 
32 20 21 
33 20 24 
34 21 22 
35 22 23 
36 22 25 
37 23 39 
38 24 30 
39 25 40 
40 26 29 
41 27 28 
42 27 32 
43 28 29 
44 29 30 
45 30 31 
46 31 32 
47 33 34 
48 33 35 
49 34 43 
50 35 47 
51 36 37 
52 36 41 
53 36 44 
54 37 38 
55 37 43 
56 38 39 
57 39 40 
58 40 41 
59 41 42 
60 42 45 
61 43 46 
62 44 45 
63 44 48 
64 46 47 
65 46 48 
]; 

 
 TENSIONS =[ 
1.00243 
0.83526 
0.924379 
0.834895 
1.04218 
0.966449 
0.991288 
1.10595 
0.812064 
0.867382 
1.03513 
1.09429 
1.10579 
1.13508 
0.975015 
0.893678 
0.971949 
0.911662 
1.05988 
0.934188 
0.976621 
1.02115 
1.03167 
1.03512 
1.06189 
0.891837 
1.11563 
1.15511 
0.815248 
1.16807 
1.01715 
1.04931 
1.0047 
0.987479 
0.915377 
0.989516 
0.970795 
0.975336 
1.11552 
1.05428 
1.03591 
0.967612 
1.09778 
0.870505 
0.954895 
1.03506 
1.06505 
1.07235 
0.989545 
1.05111 
1.05221 
1.13913 
1.04768 
0.896836 
1.17309 
0.937098 
0.850314 
0.964594 
0.931213 
1.02321 
0.825977 
1.23541 
0.722635 
0.962069 
1.14632 
1.15667 
1.06542 
1.04001 
0.904177 
0.959893 
1.06252 
0.885322 
1.15183 
0.914026 
0.96392 
1.02037 
0.971558 
0.980552 
1.01323 
0.936466 
0.933556 
1.01857 
0.970627 
0.853913 
0.904332 
1.19856 
0.832929 
1.11242 
1.091 
1.08036 
0.812188 
1.02503 
0.996534 
1.0273 
1.10024 
0.961754 
0.932351 
1.03342 
1.25742 
1.06272 
0.904738 
1.056 
1.03473 
0.917411 
0.949914 
0.923478 
1.03809 
0.946213 
0.98802 
1.08167 
0.902728 
0.962605 
0.973737 
0.904345 
0.972635 
0.991841 
1.00579 
0.992315 
0.922255 
0.951638 
0.934754 
1.09126 
1.13176 
1.00104 
1.23625 
1.0046 
1.01369 
1.1193 
1.0142 
1.04093 
0.920027 
1.0001 
1.01019 
0.986456 
0.906322 
0.927139 
1.08591 
1.1013 
0.968455 
1.08708 
1.05677 
1.1464 
0.771007 
0.942616 
0.932254 
0.948158 
0.918635 
0.972642 
1.11695 
1.16665 
0.871276 
0.990563 
1.04794 
1.08626 
1.0318 
1.10114 
1.07384 
1.03945 
1.01213 
1.11034 
1.14129 
1.05309 
0.719709 
1.04602 
1.11622 
0.977039 
0.896616 
1.02204 
0.87042 
1.11806 
0.977676 
0.936519 
0.945651 
0.951797 
1.13938 
0.943759 
0.92791 
1.0028 
1.26239 
1.02834 
1.04481 
1.12416 
1.16646 
0.939349 
1.07634 
0.843172 
1.02708 
0.842628 
1.16902 
0.990551 
0.944521 
1.11792 
0.94649 
1.01445 
0.977043 
1.09407 
1.04212 
0.924905 
1.05472 
1.02462 
1.06253 
0.987877 
1.14714 
0.968494 
1.11002 
1.0378 
0.848145 
1.11576 
1.14913 
1.05806 
1.09482 
0.948255 
1.09264 
0.939744 
0.959673 
1.0519 
0.950414 
1.02123 
1.10273 
1.00246 
1.06245 
0.95956 
1.09011 
1.19188 
0.898984 
1.00211 
1.20699 
1.04269 
0.942284 
1.00263 
1.09072 
1.12372 
0.932106 
1.08994 
0.99587 
1.04133 
1.00352 
0.99093 
0.911181 
1.26664 
1.00789 
1.01046 
1.05517 
0.964637 
1.03003 
0.967046 
1.03378 
1.04308 
0.895859 
1.09117 
1.19392 
0.918829 
1.01881 
0.880449 
0.99476 
0.896156 
0.910254 
0.926336 
0.929419 
1.03537 
0.941843 
1.0209 
1.21735 
1.15675 
0.919109 
1.10819 
0.908314 
1.02092 
0.979072 
1.10247 
0.946889 
1.00793 
0.878049 
0.955803 
0.972156 
1.14558 
0.934342 
0.972658 
0.993917 
1.17395 
0.923284 
0.97025 
0.952582 
0.973583 
1.00181 
0.838097 
1.15419 
0.965297 
0.949787 
0.954971 
1.02023 
0.929791 
0.968831 
0.905347 
1.0452 
0.965894 
0.830661 
1.04427 
1.13886 
1.01353 
1.13069 
0.812671 
0.95457 
0.995533 
1.10474 
1.04636 
1.00172 
1.00649 
0.950433 
1.1291 
1.02215 
1.11248 
0.932646 
1.04715 
0.948262 
1.08829 
1.18565 
0.961037 
1.10993 
0.875218 
0.822791 
1.11137 
1.04495 
1.01109 
0.917008 
1.08181 
0.906013 
0.933491 
1.08281 
1.02734 
0.982786 
1.0921 
1.06883 
0.873317 
1.04737 
1.00701 
0.961133 
1.01567 
1.26615 
1.05793 
0.889618 
1.25199 
0.8066 
1.1233 
1.02591 
0.890841 
0.858796 
0.979795 
0.850689 
0.960795 
1.10834 
0.989278 
1.08944 
1.12753 
1.15949 
1.01067 
0.899302 
0.976731 
0.905709 
1.07686 
1.15316 
0.948492 
0.982205 
0.902297 
1.10516 
1.02076 
1.05177 
1.18658 
1.04664 
1.09728 
0.982738 
1.12027 
1.04851 
1.03573 
1.09454 
0.825588 
0.95597 
1.0864 
0.973611 
0.919447 
1.10476 
1.10294 
0.972863 
1.24783 
1.13769 
0.858116 
0.957428 
0.807304 
1.0373 
0.943903 
0.974945 
1.03448 
1.05097 
0.871894 
1.05113 
0.874152 
1.05927 
0.912184 
1.08674 
0.876474 
0.880835 
0.969062 
0.802238 
0.895309 
0.998883 
0.974003 
1.13282 
1.07039 
0.981818 
0.989311 
1.27283 
1.07793 
1.08506 
1.1078 
0.844268 
0.902986 
0.827026 
0.962702 
0.907508 
1.10709 
0.921442 
0.909938 
0.975533 
1.04634 
1.0059 
1.14381 
1.01033 
1.01058 
0.845661 
0.897864 
0.968067 
0.838902 
1.05031 
1.2105 
1.02781 
0.974309 
0.907193 
0.899036 
0.949334 
0.977298 
0.809668 
1.288 
1.02832 
0.904238 
1.11137 
1.01953 
1.02352 
0.888586 
1.0144 
1.08189 
1.03686 
1.20738 
1.00146 
1.05187 
1.00442 
0.884167 
1.04828 
0.846688 
0.988252 
1.22727 
0.730524 
1.22304 
1.09314 
0.989427 
0.883874 
0.893603 
0.929503 
0.955826 
1.03794 
1.00323 
0.954796 
1.00426 
0.911498 
1.10763 
0.99535 
0.931252 
1.07133 
1.00813 
0.957949 
0.989165 
1.07156 
1.07399 
1.0312 
1.00761 
0.8788 
0.964267 
0.894979 
1.04409 
0.953977 
1.04916 
0.987173 
1.02329 
0.877651 
0.859954 
0.987124 
0.999375 
0.870093 
1.03876 
1.04542 
1.20414 
0.949573 
0.970129 
1.20003 
1.0525 
0.870798 
1.20314 
1.11424 
1.13431 
1.18257 
1.05113 
1.0188 
1.07915 
0.896038 
0.953024 
0.972792 
0.892838 
0.84507 
0.839923 
0.98438 
1.06528 
1.06366 
]; 
